0.000000	13.091036	0.010000	2.193326	90.625000	91.300000	
1.000000	10.822508	0.010000	7.889052	85.937500	88.200000	
2.000000	7.659279	0.010000	7.905513	79.687500	87.200000	
3.000000	8.602865	0.010000	7.874370	76.562500	85.500000	
4.000000	7.247010	0.010000	7.871391	81.250000	80.300000	
5.000000	6.673311	0.010000	7.882076	85.937500	87.300000	
6.000000	5.877544	0.010000	7.888319	87.500000	80.800000	
7.000000	5.795340	0.010000	7.905161	87.500000	80.200000	
8.000000	5.611546	0.010000	7.902223	85.937500	79.300000	
9.000000	5.446158	0.010000	7.919380	82.812500	76.100000	
10.000000	5.423834	0.010000	7.902092	79.687500	72.900000	
11.000000	5.427722	0.010000	7.885513	81.250000	73.200000	
12.000000	5.501281	0.010000	7.890506	89.062500	70.300000	
13.000000	5.313784	0.010000	8.074855	76.562500	64.900000	
14.000000	5.364700	0.010000	7.886925	68.750000	61.700000	
15.000000	5.365413	0.010000	7.903546	73.437500	63.800000	
16.000000	4.970113	0.010000	7.900546	67.187500	64.800000	
17.000000	4.944960	0.010000	7.903010	65.625000	63.900000	
18.000000	5.359495	0.010000	7.898737	85.937500	60.200000	
19.000000	4.947939	0.010000	7.906523	65.625000	54.200000	
20.000000	5.052576	0.010000	7.893944	68.750000	48.600000	
21.000000	4.948031	0.010000	7.880110	70.312500	43.800000	
22.000000	4.885757	0.010000	7.895264	70.312500	43.800000	
23.000000	4.794183	0.010000	7.892459	56.250000	44.400000	
24.000000	4.644964	0.010000	8.357390	46.875000	42.100000	
25.000000	4.742720	0.010000	7.897721	51.562500	39.100000	
26.000000	4.564679	0.010000	7.891160	43.750000	37.600000	
27.000000	4.596507	0.010000	7.883234	45.312500	35.100000	
28.000000	4.478379	0.010000	7.876163	48.437500	34.600000	
29.000000	4.309094	0.010000	7.888152	45.312500	34.100000	
30.000000	4.391003	0.010000	7.873274	35.937500	32.700000	
31.000000	4.549558	0.010000	7.877113	42.187500	31.500000	
32.000000	4.734499	0.010000	7.901863	57.812500	28.600000	
33.000000	4.125106	0.010000	7.910847	29.687500	27.700000	
34.000000	4.272520	0.010000	7.890145	43.750000	26.600000	
35.000000	4.424404	0.010000	7.874563	45.312500	25.200000	
36.000000	4.161175	0.010000	7.892804	37.500000	24.900000	
37.000000	3.971013	0.010000	7.885707	25.000000	24.300000	
38.000000	4.008999	0.010000	7.881103	32.812500	27.100000	
39.000000	4.192283	0.010000	7.885680	28.125000	27.400000	
40.000000	3.878777	0.010000	7.890116	26.562500	26.800000	
41.000000	4.180882	0.010000	7.890623	32.812500	26.400000	
42.000000	4.095998	0.010000	7.886045	29.687500	23.100000	
43.000000	4.028926	0.010000	7.888108	26.562500	23.400000	
44.000000	3.913997	0.010000	7.900583	29.687500	23.500000	
45.000000	3.801124	0.010000	7.878106	25.000000	24.000000	
46.000000	4.063834	0.010000	7.914439	31.250000	23.400000	
47.000000	3.777760	0.010000	7.903769	17.187500	21.400000	
48.000000	3.953232	0.010000	7.911964	23.437500	19.900000	
49.000000	3.818603	0.010000	7.913216	21.875000	19.600000	
50.000000	4.087242	0.010000	7.912055	29.687500	20.600000	
51.000000	3.717755	0.010000	7.892565	20.312500	20.700000	
52.000000	3.903438	0.010000	7.902005	26.562500	21.000000	
53.000000	3.717129	0.010000	7.896909	18.750000	20.500000	
54.000000	3.994842	0.010000	7.899534	32.812500	21.200000	
55.000000	3.684673	0.010000	7.911265	20.312500	20.300000	
56.000000	3.796680	0.010000	7.903327	25.000000	19.000000	
57.000000	3.764441	0.010000	7.885375	17.187500	17.600000	
58.000000	3.783837	0.010000	7.886340	25.000000	16.100000	
59.000000	3.957174	0.010000	7.882261	34.375000	17.100000	
60.000000	3.694772	0.010000	7.895227	21.875000	16.400000	
61.000000	3.822815	0.010000	7.892029	23.437500	16.200000	
62.000000	3.764058	0.010000	7.928631	21.875000	15.900000	
63.000000	3.902618	0.010000	7.914316	31.250000	14.800000	
64.000000	4.210405	0.010000	7.910570	32.812500	14.300000	
65.000000	3.756511	0.010000	7.962270	20.312500	14.200000	
66.000000	3.696737	0.010000	7.915025	21.875000	13.300000	
67.000000	3.966917	0.010000	7.900272	28.125000	13.600000	
68.000000	3.576705	0.010000	7.912957	14.062500	13.300000	
69.000000	3.642873	0.010000	7.940027	21.875000	13.500000	
70.000000	3.739169	0.010000	7.938851	23.437500	14.000000	
71.000000	3.417150	0.010000	8.247638	9.375000	14.100000	
72.000000	3.673659	0.010000	8.005779	25.000000	14.200000	
73.000000	3.744018	0.010000	7.967343	15.625000	14.300000	
74.000000	3.624197	0.010000	7.905146	17.187500	12.700000	
75.000000	3.651486	0.010000	8.111538	15.625000	11.600000	
76.000000	3.475483	0.010000	8.234590	10.937500	11.800000	
77.000000	3.656356	0.010000	7.923713	17.187500	11.600000	
78.000000	3.319082	0.010000	8.301342	7.812500	12.500000	
79.000000	3.447918	0.010000	7.900329	15.625000	13.000000	
80.000000	3.446481	0.010000	7.884459	12.500000	14.400000	
81.000000	3.378416	0.010000	7.900831	7.812500	14.200000	
82.000000	3.705459	0.010000	7.938047	18.750000	14.300000	
83.000000	3.558467	0.010000	7.909113	12.500000	14.200000	
84.000000	3.422457	0.010000	7.887731	9.375000	13.100000	
85.000000	3.569386	0.010000	8.027930	14.062500	12.100000	
86.000000	3.441665	0.010000	7.984233	9.375000	11.300000	
87.000000	3.327082	0.010000	7.944910	6.250000	10.700000	
88.000000	3.679504	0.010000	7.937790	17.187500	10.500000	
89.000000	3.751333	0.010000	7.953409	18.750000	10.000000	
90.000000	3.598676	0.010000	7.908508	17.187500	10.300000	
91.000000	3.651934	0.010000	7.918291	18.750000	11.000000	
92.000000	3.698494	0.010000	7.921521	25.000000	11.200000	
93.000000	3.530056	0.010000	7.913938	12.500000	10.800000	
94.000000	3.727721	0.010000	7.921613	17.187500	10.200000	
95.000000	3.472986	0.010000	7.941943	10.937500	9.900000	
96.000000	3.728098	0.010000	7.941982	14.062500	9.700000	
97.000000	3.761686	0.010000	8.144000	26.562500	9.000000	
98.000000	3.690160	0.010000	7.991784	25.000000	9.000000	
99.000000	3.586874	0.010000	8.151567	18.750000	8.800000	
100.000000	3.463480	0.010000	7.967402	7.812500	8.900000	
101.000000	3.391442	0.010000	7.930558	6.250000	9.300000	
102.000000	3.422796	0.010000	7.933175	9.375000	9.600000	
103.000000	3.565805	0.010000	7.910191	17.187500	9.600000	
104.000000	3.431227	0.010000	7.901546	7.812500	8.800000	
105.000000	3.489653	0.010000	7.921152	17.187500	7.900000	
106.000000	3.465089	0.010000	7.920107	9.375000	8.100000	
107.000000	3.625702	0.010000	8.273266	17.187500	7.600000	
108.000000	3.321169	0.010000	7.931819	6.250000	8.000000	
109.000000	3.384610	0.010000	7.914599	10.937500	8.500000	
110.000000	3.305989	0.010000	7.875331	7.812500	8.200000	
111.000000	3.689577	0.010000	7.881081	17.187500	8.900000	
112.000000	3.619106	0.010000	7.873083	18.750000	8.900000	
113.000000	3.396798	0.010000	7.876859	14.062500	8.900000	
114.000000	3.576027	0.010000	7.893270	14.062500	9.100000	
115.000000	3.399380	0.010000	7.916322	14.062500	8.800000	
116.000000	3.705898	0.010000	7.938204	17.187500	8.600000	
117.000000	3.347438	0.010000	7.948912	7.812500	8.300000	
118.000000	3.243621	0.010000	7.973650	1.562500	7.700000	
119.000000	3.770971	0.010000	8.115732	18.750000	7.900000	
120.000000	3.904675	0.010000	7.964820	18.750000	7.500000	
121.000000	3.527505	0.010000	7.951612	12.500000	7.100000	
122.000000	3.589309	0.010000	8.031486	15.625000	7.000000	
123.000000	3.595729	0.010000	8.019065	12.500000	7.200000	
124.000000	3.238927	0.010000	8.087594	6.250000	7.900000	
125.000000	3.286721	0.010000	7.926231	7.812500	8.900000	
126.000000	3.528582	0.010000	7.928381	12.500000	10.200000	
127.000000	3.366692	0.010000	7.915415	10.937500	11.000000	
128.000000	3.400224	0.010000	7.969501	9.375000	11.300000	
129.000000	3.462541	0.010000	7.913409	12.500000	9.700000	
130.000000	3.491009	0.010000	7.943630	9.375000	8.900000	
131.000000	3.417482	0.010000	7.976965	9.375000	7.900000	
132.000000	3.423247	0.010000	8.109400	9.375000	7.200000	
133.000000	3.574833	0.010000	8.028504	21.875000	7.000000	
134.000000	3.453604	0.010000	7.989838	12.500000	6.600000	
135.000000	3.396166	0.010000	8.124334	7.812500	6.500000	
136.000000	3.291452	0.010000	8.301802	9.375000	6.600000	
137.000000	3.507641	0.010000	7.961924	9.375000	6.600000	
138.000000	3.264425	0.010000	7.902485	6.250000	6.700000	
139.000000	3.302877	0.010000	7.897190	4.687500	7.500000	
140.000000	3.205949	0.010000	7.885964	3.125000	7.800000	
141.000000	3.450548	0.010000	7.889963	10.937500	8.000000	
142.000000	3.464284	0.010000	7.884507	10.937500	7.800000	
143.000000	3.362769	0.010000	7.881352	10.937500	7.300000	
144.000000	3.752266	0.010000	7.881456	21.875000	6.500000	
145.000000	3.250423	0.010000	7.895037	4.687500	7.300000	
146.000000	3.250377	0.010000	7.905429	3.125000	8.100000	
147.000000	3.414042	0.010000	7.886788	7.812500	8.400000	
148.000000	3.320243	0.010000	7.889464	10.937500	8.000000	
149.000000	3.303291	0.010000	8.015626	7.812500	7.800000	
150.000000	3.363800	0.010000	8.049730	10.937500	7.800000	
151.000000	3.262500	0.010000	8.143986	4.687500	7.300000	
152.000000	3.386646	0.010000	7.886037	12.500000	6.500000	
153.000000	3.412282	0.010000	7.904205	10.937500	6.600000	
154.000000	3.290697	0.010000	7.936704	7.812500	6.500000	
155.000000	3.385299	0.010000	8.276570	10.937500	6.600000	
156.000000	3.405427	0.010000	7.935538	9.375000	6.100000	
157.000000	3.411075	0.010000	7.928308	7.812500	6.100000	
158.000000	3.336039	0.010000	8.067906	9.375000	5.800000	
159.000000	3.326433	0.010000	8.022123	10.937500	5.200000	
160.000000	3.364552	0.010000	8.179783	10.937500	5.100000	
161.000000	3.296790	0.010000	8.091612	9.375000	5.900000	
162.000000	3.247111	0.010000	7.870791	6.250000	6.300000	
163.000000	3.217298	0.010000	7.880576	6.250000	6.400000	
164.000000	3.364207	0.010000	7.877563	7.812500	6.300000	
165.000000	3.546829	0.010000	8.177217	12.500000	6.200000	
166.000000	3.417651	0.010000	8.204426	12.500000	5.800000	
167.000000	3.569669	0.010000	8.029982	9.375000	6.000000	
168.000000	3.380280	0.010000	8.181119	14.062500	6.400000	
169.000000	3.269971	0.010000	7.892875	6.250000	7.400000	
170.000000	3.237357	0.010000	8.275580	3.125000	8.400000	
171.000000	3.465964	0.010000	8.026922	15.625000	8.300000	
172.000000	3.437298	0.010000	8.005733	10.937500	7.500000	
173.000000	3.238927	0.010000	8.046334	4.687500	6.700000	
174.000000	3.306807	0.010000	7.923631	10.937500	6.400000	
175.000000	3.297263	0.010000	8.300157	7.812500	6.400000	
176.000000	3.328648	0.010000	7.982116	10.937500	6.000000	
177.000000	3.385940	0.010000	7.945424	6.250000	6.100000	
178.000000	3.381162	0.010000	8.173120	9.375000	6.400000	
179.000000	3.438414	0.010000	8.076951	12.500000	6.400000	
180.000000	3.338025	0.010000	8.077277	9.375000	6.700000	
181.000000	3.470245	0.010000	8.098291	12.500000	6.700000	
182.000000	3.535362	0.010000	7.929037	15.625000	6.400000	
183.000000	3.239249	0.010000	8.112255	6.250000	6.400000	
184.000000	3.435256	0.010000	8.002103	15.625000	6.500000	
185.000000	3.312485	0.010000	8.105829	14.062500	6.200000	
186.000000	3.565508	0.010000	7.931697	12.500000	6.100000	
187.000000	3.603916	0.010000	8.349413	17.187500	6.000000	
188.000000	3.565035	0.010000	7.922319	17.187500	5.600000	
189.000000	3.451282	0.010000	7.901188	10.937500	5.000000	
190.000000	3.312389	0.010000	8.093364	12.500000	4.900000	
191.000000	3.267096	0.010000	7.920602	9.375000	5.200000	
192.000000	3.247189	0.010000	7.911052	6.250000	5.300000	
193.000000	3.347557	0.010000	8.129696	7.812500	5.100000	
194.000000	3.314874	0.010000	7.976738	7.812500	5.000000	
195.000000	3.236587	0.010000	7.899599	6.250000	5.000000	
196.000000	3.145612	0.010000	7.886484	3.125000	5.200000	
197.000000	3.353782	0.010000	7.897067	9.375000	5.100000	
198.000000	3.359758	0.010000	7.923635	4.687500	5.200000	
199.000000	3.451046	0.010000	7.910529	18.750000	5.100000	
200.000000	3.239345	0.010000	7.909352	7.812500	5.400000	
201.000000	3.223444	0.010000	7.902918	3.125000	5.500000	
202.000000	3.351061	0.010000	7.889672	9.375000	5.100000	
203.000000	3.289398	0.010000	7.893926	6.250000	5.200000	
204.000000	3.453154	0.010000	7.884439	12.500000	5.300000	
205.000000	3.306802	0.010000	7.900845	6.250000	5.800000	
206.000000	3.229270	0.010000	7.896376	6.250000	5.800000	
207.000000	3.381726	0.010000	7.915908	6.250000	5.500000	
208.000000	3.314847	0.010000	7.895425	7.812500	5.400000	
209.000000	3.201010	0.010000	7.882313	6.250000	5.200000	
210.000000	3.205814	0.010000	7.875547	7.812500	4.900000	
211.000000	3.294833	0.010000	7.884307	7.812500	4.900000	
212.000000	3.477908	0.010000	7.880115	12.500000	4.600000	
213.000000	3.410637	0.010000	7.898050	12.500000	4.100000	
214.000000	3.543322	0.010000	7.886699	14.062500	4.400000	
215.000000	3.457520	0.010000	7.895386	15.625000	4.700000	
216.000000	3.305683	0.010000	7.880035	9.375000	5.200000	
217.000000	3.139941	0.010000	7.876407	1.562500	5.000000	
218.000000	3.209092	0.010000	7.858136	3.125000	5.200000	
219.000000	3.332576	0.010000	7.868402	9.375000	5.200000	
220.000000	3.369395	0.010000	7.909478	7.812500	4.800000	
221.000000	3.216594	0.010000	7.908451	4.687500	4.800000	
222.000000	3.214078	0.010000	7.897141	6.250000	4.700000	
223.000000	3.175171	0.010000	7.895549	3.125000	4.400000	
224.000000	3.298288	0.010000	7.919101	6.250000	4.300000	
225.000000	3.319599	0.010000	7.948116	6.250000	4.100000	
226.000000	3.182833	0.010000	7.890446	1.562500	3.800000	
227.000000	3.215236	0.010000	7.912732	6.250000	4.000000	
228.000000	3.160417	0.010000	7.983344	3.125000	4.000000	
229.000000	3.218886	0.010000	7.919007	4.687500	4.100000	
230.000000	3.408834	0.010000	7.904519	14.062500	4.100000	
231.000000	3.369813	0.010000	7.897433	6.250000	4.000000	
232.000000	3.408528	0.010000	7.920448	10.937500	3.900000	
233.000000	3.367617	0.010000	7.897774	7.812500	4.100000	
234.000000	3.317868	0.010000	7.947103	12.500000	4.000000	
235.000000	3.241883	0.010000	8.106897	6.250000	4.100000	
236.000000	3.183949	0.010000	8.224930	4.687500	3.800000	
237.000000	3.293182	0.010000	8.031984	12.500000	3.800000	
238.000000	3.168187	0.010000	8.121610	4.687500	4.200000	
239.000000	3.178433	0.010000	7.964892	3.125000	4.300000	
240.000000	3.179721	0.010000	7.927396	1.562500	4.300000	
241.000000	3.186524	0.010000	7.907510	4.687500	4.300000	
242.000000	3.115270	0.010000	7.895970	1.562500	4.400000	
243.000000	3.175277	0.010000	7.906575	4.687500	4.400000	
244.000000	3.264507	0.010000	7.914695	6.250000	4.300000	
245.000000	3.331952	0.010000	7.901696	12.500000	4.100000	
246.000000	3.351303	0.010000	7.900315	7.812500	4.100000	
247.000000	3.173418	0.010000	8.281232	1.562500	4.200000	
248.000000	3.256523	0.010000	8.763018	7.812500	4.300000	
249.000000	3.338260	0.010000	13.408964	6.250000	4.100000	
250.000000	3.284216	0.010000	7.937308	7.812500	4.200000	
251.000000	3.254840	0.010000	7.888769	7.812500	4.500000	
252.000000	3.154896	0.010000	7.890463	4.687500	4.200000	
253.000000	3.323758	0.010000	7.903310	9.375000	4.000000	
254.000000	3.231444	0.010000	7.886243	6.250000	4.000000	
255.000000	3.178182	0.010000	7.890234	1.562500	4.000000	
256.000000	3.183713	0.010000	7.900945	3.125000	4.300000	
257.000000	3.196462	0.010000	7.913715	6.250000	4.200000	
258.000000	3.292180	0.010000	7.910117	6.250000	4.000000	
259.000000	3.309062	0.010000	7.898265	7.812500	3.900000	
260.000000	3.297772	0.010000	7.881114	6.250000	3.800000	
261.000000	3.267398	0.010000	7.894884	4.687500	3.600000	
262.000000	3.281525	0.010000	7.895670	3.125000	3.700000	
263.000000	3.157388	0.010000	7.881903	3.125000	3.500000	
264.000000	3.225689	0.010000	7.879865	7.812500	3.700000	
265.000000	3.388417	0.010000	7.889892	10.937500	3.800000	
266.000000	3.172449	0.010000	7.898559	3.125000	3.900000	
267.000000	3.279199	0.010000	7.900140	4.687500	3.700000	
268.000000	3.147375	0.010000	7.883094	1.562500	3.900000	
269.000000	3.155136	0.010000	7.875528	3.125000	3.900000	
270.000000	3.153838	0.010000	7.879989	1.562500	4.200000	
271.000000	3.353281	0.010000	7.876045	7.812500	4.200000	
272.000000	3.221983	0.010000	7.879189	3.125000	4.500000	
273.000000	3.302684	0.010000	7.888966	10.937500	4.500000	
274.000000	3.161844	0.010000	7.895002	3.125000	4.800000	
275.000000	3.100469	0.010000	7.888464	0.000000	4.800000	
276.000000	3.268828	0.010000	7.896800	7.812500	5.000000	
277.000000	3.203899	0.010000	7.927725	6.250000	5.000000	
278.000000	3.152676	0.010000	7.890111	3.125000	4.900000	
279.000000	3.096359	0.010000	7.890684	1.562500	4.900000	
280.000000	3.155946	0.010000	7.911988	3.125000	4.500000	
281.000000	3.107952	0.010000	7.903971	1.562500	4.000000	
282.000000	3.280059	0.010000	7.884522	7.812500	3.800000	
283.000000	3.253134	0.010000	7.876648	6.250000	3.600000	
284.000000	3.185646	0.010000	7.911507	1.562500	3.700000	
285.000000	3.327281	0.010000	7.891979	4.687500	3.600000	
286.000000	3.334181	0.010000	7.892367	9.375000	3.600000	
287.000000	3.177685	0.010000	7.908284	4.687500	3.600000	
288.000000	3.132601	0.010000	7.923467	4.687500	3.800000	
289.000000	3.243443	0.010000	7.923218	3.125000	3.600000	
290.000000	3.227165	0.010000	7.901906	7.812500	3.400000	
291.000000	3.104375	0.010000	7.896510	1.562500	3.700000	
292.000000	3.073732	0.010000	8.024427	0.000000	3.500000	
293.000000	3.246044	0.010000	7.914704	6.250000	3.700000	
294.000000	3.299332	0.010000	7.887294	6.250000	3.800000	
295.000000	3.270290	0.010000	7.903226	7.812500	3.800000	
296.000000	3.096251	0.010000	7.933832	3.125000	3.600000	
297.000000	3.281006	0.010000	7.880707	6.250000	3.700000	
298.000000	3.317138	0.010000	7.854721	6.250000	3.600000	
299.000000	3.378276	0.010000	7.860197	9.375000	3.700000	
300.000000	3.254702	0.010000	7.855078	6.250000	4.000000	
301.000000	3.133337	0.010000	7.856664	4.687500	4.500000	
302.000000	3.144187	0.010000	7.842209	3.125000	4.500000	
303.000000	3.159555	0.010000	7.884469	6.250000	4.400000	
304.000000	3.062811	0.010000	7.878625	0.000000	4.600000	
305.000000	3.226976	0.010000	7.868158	6.250000	4.300000	
306.000000	3.174386	0.010000	7.858707	6.250000	4.100000	
307.000000	3.270426	0.010000	7.843151	6.250000	4.200000	
308.000000	3.422890	0.010000	7.817842	7.812500	3.800000	
309.000000	3.204371	0.010000	7.845704	4.687500	3.800000	
310.000000	3.144075	0.010000	7.831519	4.687500	3.800000	
311.000000	3.260828	0.010000	7.841428	10.937500	3.800000	
312.000000	3.159812	0.010000	7.847603	4.687500	4.000000	
313.000000	3.244158	0.010000	7.850953	4.687500	4.100000	
314.000000	3.166486	0.010000	7.814479	4.687500	4.000000	
315.000000	3.115673	0.010000	7.842610	1.562500	3.800000	
316.000000	3.128116	0.010000	7.831558	6.250000	3.800000	
317.000000	3.304818	0.010000	7.840546	9.375000	3.800000	
318.000000	3.198446	0.010000	7.821747	3.125000	3.900000	
319.000000	3.262264	0.010000	7.840830	6.250000	3.800000	
320.000000	3.070567	0.010000	7.816180	1.562500	3.700000	
321.000000	3.255472	0.010000	7.838390	3.125000	3.700000	
322.000000	3.084374	0.010000	7.818439	0.000000	3.700000	
323.000000	3.165387	0.010000	7.836475	6.250000	3.700000	
324.000000	3.074567	0.010000	7.814049	3.125000	3.600000	
325.000000	3.077771	0.010000	7.845083	0.000000	3.400000	
326.000000	3.178644	0.010000	7.841011	4.687500	3.300000	
327.000000	3.188955	0.010000	7.864002	7.812500	3.500000	
328.000000	3.067738	0.010000	7.812792	1.562500	3.400000	
329.000000	3.161618	0.010000	7.837177	6.250000	3.300000	
330.000000	3.163875	0.010000	7.813819	1.562500	3.600000	
331.000000	3.213403	0.010000	7.831279	3.125000	3.600000	
332.000000	3.226302	0.010000	7.804252	9.375000	3.600000	
333.000000	3.091476	0.010000	7.853281	1.562500	3.700000	
334.000000	3.153535	0.010000	7.836167	3.125000	4.000000	
335.000000	3.267023	0.010000	7.862060	9.375000	3.800000	
336.000000	3.364315	0.010000	7.823652	9.375000	3.500000	
337.000000	3.241944	0.010000	7.835484	7.812500	3.400000	
338.000000	3.197192	0.010000	7.806317	9.375000	3.500000	
339.000000	3.197590	0.010000	7.832823	7.812500	3.900000	
340.000000	3.165667	0.010000	7.837240	3.125000	4.000000	
341.000000	3.200473	0.010000	7.867421	4.687500	4.100000	
342.000000	3.105024	0.010000	7.842630	3.125000	4.300000	
343.000000	3.122281	0.010000	7.865459	4.687500	4.700000	
344.000000	3.174669	0.010000	7.854527	6.250000	4.100000	
345.000000	3.266644	0.010000	7.865099	6.250000	3.900000	
346.000000	3.118084	0.010000	7.841807	4.687500	3.600000	
347.000000	3.094091	0.010000	7.831795	3.125000	3.000000	
348.000000	3.078823	0.010000	7.816816	0.000000	3.100000	
349.000000	3.188895	0.010000	7.859536	6.250000	2.900000	
350.000000	3.159983	0.010000	7.828759	3.125000	3.200000	
351.000000	3.129219	0.010000	7.844979	6.250000	3.300000	
352.000000	3.154715	0.010000	7.848678	3.125000	3.300000	
353.000000	3.113780	0.010000	7.865139	3.125000	3.000000	
354.000000	3.159396	0.010000	7.826595	4.687500	3.100000	
355.000000	3.120093	0.010000	7.862327	4.687500	3.000000	
356.000000	3.193205	0.010000	7.847559	7.812500	3.200000	
357.000000	3.228381	0.010000	7.859757	6.250000	3.100000	
358.000000	3.141590	0.010000	7.833407	4.687500	3.100000	
359.000000	3.050760	0.010000	7.853052	0.000000	3.700000	
360.000000	3.155934	0.010000	7.817862	4.687500	3.800000	
361.000000	3.076408	0.010000	7.869412	0.000000	4.000000	
362.000000	3.140342	0.010000	7.902459	7.812500	3.900000	
363.000000	3.157123	0.010000	7.906111	4.687500	4.000000	
364.000000	3.043223	0.010000	7.927927	0.000000	4.200000	
365.000000	3.081939	0.010000	7.904911	3.125000	4.100000	
366.000000	3.176188	0.010000	7.917328	7.812500	4.200000	
367.000000	3.274666	0.010000	8.062709	3.125000	4.000000	
368.000000	3.262481	0.010000	7.929307	7.812500	4.200000	
369.000000	3.227083	0.010000	7.921182	6.250000	4.300000	
370.000000	3.128482	0.010000	7.942711	3.125000	4.500000	
371.000000	3.496700	0.010000	8.009461	15.625000	4.300000	
372.000000	3.144298	0.010000	8.127585	3.125000	4.200000	
373.000000	3.168773	0.010000	8.057352	7.812500	4.000000	
374.000000	3.125875	0.010000	8.420791	1.562500	4.000000	
375.000000	3.060407	0.010000	7.969112	1.562500	4.100000	
376.000000	3.094955	0.010000	7.921034	1.562500	4.300000	
377.000000	3.149878	0.010000	7.883978	4.687500	4.500000	
378.000000	3.063348	0.010000	7.877103	0.000000	4.500000	
379.000000	3.165515	0.010000	7.912367	4.687500	4.400000	
380.000000	3.086706	0.010000	7.922219	3.125000	4.500000	
381.000000	3.066366	0.010000	7.903665	1.562500	4.100000	
382.000000	3.176673	0.010000	7.897990	4.687500	4.100000	
383.000000	3.116830	0.010000	7.897587	4.687500	4.100000	
384.000000	3.076582	0.010000	7.917975	1.562500	3.600000	
385.000000	3.134773	0.010000	7.895014	3.125000	3.600000	
386.000000	3.151282	0.010000	7.906516	7.812500	3.400000	
387.000000	3.204893	0.010000	7.925197	3.125000	3.400000	
388.000000	3.103034	0.010000	7.920448	1.562500	3.400000	
389.000000	3.132784	0.010000	7.916996	4.687500	3.300000	
390.000000	3.042721	0.010000	7.921187	0.000000	3.200000	
391.000000	3.151942	0.010000	7.914963	4.687500	3.200000	
392.000000	3.218575	0.010000	7.922765	7.812500	3.200000	
393.000000	3.118414	0.010000	7.922730	3.125000	3.100000	
394.000000	3.071414	0.010000	7.920303	3.125000	3.200000	
395.000000	3.079334	0.010000	7.927649	3.125000	3.300000	
396.000000	3.432347	0.010000	7.916848	9.375000	3.300000	
397.000000	3.289907	0.010000	7.920318	10.937500	3.400000	
398.000000	3.325593	0.010000	7.901099	4.687500	3.200000	
399.000000	3.253591	0.010000	7.913975	3.125000	3.200000	
400.000000	3.415216	0.010000	7.909969	10.937500	3.200000	
401.000000	3.182980	0.010000	7.903973	9.375000	3.100000	
402.000000	3.324051	0.010000	7.925045	10.937500	3.300000	
403.000000	3.233221	0.010000	7.931124	4.687500	3.200000	
404.000000	3.269702	0.010000	7.909431	4.687500	3.200000	
405.000000	3.103714	0.010000	7.897815	1.562500	3.200000	
406.000000	3.077875	0.010000	7.882346	1.562500	3.200000	
407.000000	3.089386	0.010000	7.885770	1.562500	3.000000	
408.000000	3.230231	0.010000	7.879515	7.812500	2.900000	
409.000000	3.142851	0.010000	7.902137	3.125000	2.800000	
410.000000	3.185695	0.010000	7.902824	4.687500	3.100000	
411.000000	3.129612	0.010000	7.910277	3.125000	3.100000	
412.000000	3.051212	0.010000	7.907102	0.000000	3.500000	
413.000000	3.173777	0.010000	7.897285	6.250000	3.600000	
414.000000	3.130741	0.010000	7.890596	3.125000	3.500000	
415.000000	3.158512	0.010000	7.886227	6.250000	3.300000	
416.000000	3.163438	0.010000	7.891435	6.250000	3.500000	
417.000000	3.073443	0.010000	7.896048	1.562500	3.200000	
418.000000	3.088182	0.010000	7.898794	4.687500	3.200000	
419.000000	3.116774	0.010000	7.886088	3.125000	3.300000	
420.000000	3.082042	0.010000	7.901675	3.125000	3.600000	
421.000000	3.129004	0.010000	7.906243	3.125000	3.800000	
422.000000	3.145796	0.010000	7.884665	3.125000	4.300000	
423.000000	3.172930	0.010000	7.891836	3.125000	4.000000	
424.000000	3.209406	0.010000	7.885662	6.250000	3.900000	
425.000000	3.044633	0.010000	7.896644	0.000000	4.000000	
426.000000	3.213626	0.010000	7.906036	4.687500	3.700000	
427.000000	3.177478	0.010000	7.893625	4.687500	3.600000	
428.000000	3.158344	0.010000	7.876240	6.250000	3.400000	
429.000000	3.057374	0.010000	7.889896	1.562500	3.200000	
430.000000	3.205613	0.010000	7.883521	4.687500	3.000000	
431.000000	3.319977	0.010000	7.879578	9.375000	2.900000	
432.000000	3.295418	0.010000	7.885200	6.250000	2.900000	
433.000000	3.067293	0.010000	7.901165	3.125000	2.700000	
434.000000	3.138518	0.010000	7.904730	4.687500	2.700000	
435.000000	3.127445	0.010000	7.897022	6.250000	2.500000	
436.000000	3.034157	0.010000	7.893663	0.000000	2.700000	
437.000000	3.069842	0.010000	7.886401	1.562500	3.000000	
438.000000	3.150612	0.010000	7.906549	6.250000	3.400000	
439.000000	3.236101	0.010000	7.916586	7.812500	3.500000	
440.000000	3.145196	0.010000	7.922131	4.687500	3.400000	
441.000000	3.115679	0.010000	7.893872	4.687500	3.300000	
442.000000	3.185893	0.010000	7.906512	4.687500	3.000000	
443.000000	3.063640	0.010000	7.896861	6.250000	2.900000	
444.000000	3.215429	0.010000	7.905782	7.812500	3.000000	
445.000000	3.126149	0.010000	7.895033	4.687500	3.000000	
446.000000	3.157216	0.010000	7.894918	6.250000	3.300000	
447.000000	3.071004	0.010000	7.899893	4.687500	3.300000	
448.000000	3.179264	0.010000	7.922167	6.250000	3.500000	
449.000000	3.106831	0.010000	7.921858	4.687500	3.600000	
450.000000	3.082596	0.010000	7.896510	3.125000	3.700000	
451.000000	3.163434	0.010000	7.886630	7.812500	3.700000	
452.000000	3.175477	0.010000	7.896358	6.250000	3.800000	
453.000000	3.214520	0.010000	7.874800	10.937500	3.900000	
454.000000	3.098387	0.010000	7.917366	4.687500	3.900000	
455.000000	3.147231	0.010000	7.921086	4.687500	3.900000	
456.000000	3.214462	0.010000	7.917362	6.250000	3.700000	
457.000000	3.050011	0.010000	7.898782	1.562500	4.000000	
458.000000	3.055130	0.010000	7.896536	1.562500	3.800000	
459.000000	3.108317	0.010000	7.914214	3.125000	3.800000	
460.000000	3.061157	0.010000	7.888421	3.125000	3.500000	
461.000000	3.296686	0.010000	7.899317	7.812500	3.300000	
462.000000	3.155537	0.010000	7.900713	4.687500	3.100000	
463.000000	3.172469	0.010000	7.906508	4.687500	2.900000	
464.000000	3.117745	0.010000	8.022723	6.250000	2.800000	
465.000000	3.090982	0.010000	7.966157	3.125000	2.700000	
466.000000	3.173276	0.010000	7.902402	7.812500	2.800000	
467.000000	3.050733	0.010000	7.910310	1.562500	2.800000	
468.000000	3.133102	0.010000	7.998384	3.125000	2.800000	
469.000000	3.052372	0.010000	8.176983	3.125000	2.800000	
470.000000	3.265332	0.010000	8.248872	3.125000	3.000000	
471.000000	3.187148	0.010000	7.957436	6.250000	3.100000	
472.000000	3.096721	0.010000	8.015991	4.687500	3.000000	
473.000000	3.139465	0.010000	7.987975	6.250000	3.000000	
474.000000	3.168421	0.010000	8.168571	6.250000	2.900000	
475.000000	3.181159	0.010000	7.973833	9.375000	2.900000	
476.000000	3.073605	0.010000	7.895040	3.125000	3.100000	
477.000000	3.085841	0.010000	8.216829	1.562500	3.100000	
478.000000	3.229826	0.010000	7.890048	6.250000	3.200000	
479.000000	3.242136	0.010000	8.004605	9.375000	3.000000	
480.000000	3.144685	0.010000	7.905506	6.250000	2.900000	
481.000000	3.165667	0.010000	7.898165	7.812500	2.900000	
482.000000	3.153781	0.010000	7.888943	6.250000	2.600000	
483.000000	3.301172	0.010000	7.896191	9.375000	2.700000	
484.000000	3.083305	0.010000	7.886654	4.687500	2.600000	
485.000000	3.016019	0.010000	7.914604	0.000000	2.800000	
486.000000	3.130925	0.010000	7.961513	7.812500	2.900000	
487.000000	3.080709	0.010000	8.326880	3.125000	2.900000	
488.000000	3.111237	0.010000	8.067913	3.125000	3.000000	
489.000000	3.104584	0.010000	8.058614	3.125000	3.100000	
490.000000	3.054363	0.010000	7.896975	1.562500	2.800000	
491.000000	3.097820	0.010000	7.923083	6.250000	2.800000	
492.000000	3.048728	0.010000	8.181005	1.562500	3.000000	
493.000000	3.158009	0.010000	8.066050	4.687500	2.900000	
494.000000	3.089275	0.010000	7.940437	3.125000	3.000000	
495.000000	3.051175	0.010000	8.113899	3.125000	3.200000	
496.000000	3.148778	0.010000	7.892086	6.250000	3.200000	
497.000000	3.084069	0.010000	7.887751	3.125000	3.200000	
498.000000	3.155074	0.010000	7.894336	4.687500	3.000000	
499.000000	3.007221	0.010000	7.905546	1.562500	3.200000	
500.000000	3.140193	0.010000	7.917106	6.250000	3.400000	
501.000000	3.006920	0.010000	7.904603	1.562500	3.400000	
502.000000	3.156161	0.010000	7.891912	4.687500	3.400000	
503.000000	3.172025	0.010000	7.892082	4.687500	3.400000	
504.000000	3.032660	0.010000	7.881161	3.125000	3.300000	
505.000000	3.155523	0.010000	7.890005	6.250000	3.400000	
506.000000	3.197611	0.010000	7.881267	6.250000	3.600000	
507.000000	3.075923	0.010000	7.880869	3.125000	3.400000	
508.000000	3.081108	0.010000	7.927201	3.125000	3.400000	
509.000000	3.059250	0.010000	7.881705	3.125000	3.200000	
510.000000	3.052628	0.010000	7.904705	3.125000	3.400000	
511.000000	3.089587	0.010000	7.904541	3.125000	3.400000	
512.000000	3.148592	0.010000	7.926710	6.250000	3.400000	
513.000000	3.044300	0.010000	7.925872	3.125000	3.400000	
514.000000	3.058219	0.010000	7.954371	3.125000	3.200000	
515.000000	3.079785	0.010000	7.916656	3.125000	3.100000	
516.000000	3.088466	0.010000	8.132625	3.125000	3.000000	
517.000000	3.002457	0.010000	8.235926	1.562500	3.000000	
518.000000	3.018377	0.010000	7.909134	1.562500	3.100000	
519.000000	3.002914	0.010000	7.991853	1.562500	2.900000	
520.000000	3.102750	0.010000	7.957387	6.250000	3.000000	
521.000000	3.276978	0.010000	7.906847	6.250000	3.000000	
522.000000	3.124295	0.010000	8.119430	6.250000	3.100000	
523.000000	3.111134	0.010000	7.933656	3.125000	2.900000	
524.000000	3.076644	0.010000	7.930954	3.125000	2.700000	
525.000000	3.139505	0.010000	7.897021	4.687500	2.800000	
526.000000	3.220350	0.010000	7.965504	10.937500	2.900000	
527.000000	3.200951	0.010000	7.930750	7.812500	3.000000	
528.000000	3.073537	0.010000	8.315702	4.687500	3.300000	
529.000000	3.112739	0.010000	7.972862	4.687500	3.300000	
530.000000	3.138778	0.010000	7.891912	6.250000	3.400000	
531.000000	3.017496	0.010000	7.895085	3.125000	3.400000	
532.000000	3.225054	0.010000	7.889319	6.250000	3.100000	
533.000000	3.120639	0.010000	7.931007	1.562500	3.000000	
534.000000	3.039613	0.010000	7.998336	3.125000	3.000000	
535.000000	3.010270	0.010000	7.903473	3.125000	3.000000	
536.000000	3.068397	0.010000	7.908866	1.562500	3.200000	
537.000000	3.054209	0.010000	7.881388	3.125000	3.200000	
538.000000	3.242189	0.010000	7.916956	4.687500	3.100000	
539.000000	3.011647	0.010000	8.197671	1.562500	3.000000	
540.000000	3.057038	0.010000	8.304963	4.687500	3.000000	
541.000000	3.059447	0.010000	8.044072	3.125000	2.900000	
542.000000	3.035483	0.010000	8.110596	1.562500	2.900000	
543.000000	3.006209	0.010000	8.060167	1.562500	2.700000	
544.000000	3.129856	0.010000	7.902612	6.250000	2.700000	
545.000000	3.065863	0.010000	7.926844	6.250000	2.700000	
546.000000	3.048109	0.010000	7.930684	1.562500	2.800000	
547.000000	3.125012	0.010000	7.927334	6.250000	2.800000	
548.000000	3.250702	0.010000	7.905855	6.250000	2.700000	
549.000000	3.095921	0.010000	7.907592	4.687500	2.600000	
550.000000	3.160663	0.010000	7.888985	4.687500	2.600000	
551.000000	3.044886	0.010000	7.906223	1.562500	2.600000	
552.000000	3.023292	0.010000	7.917824	1.562500	2.600000	
553.000000	3.183140	0.010000	7.934392	7.812500	2.600000	
554.000000	3.063602	0.010000	7.916279	6.250000	2.700000	
555.000000	3.025526	0.010000	7.923847	1.562500	2.800000	
556.000000	3.002509	0.010000	7.911431	1.562500	2.700000	
557.000000	3.043360	0.010000	7.930345	3.125000	2.900000	
558.000000	3.127758	0.010000	7.888608	6.250000	3.000000	
559.000000	3.023625	0.010000	7.921812	3.125000	2.900000	
560.000000	3.052601	0.010000	7.928988	4.687500	3.100000	
561.000000	3.003134	0.010000	7.909169	1.562500	2.900000	
562.000000	3.080815	0.010000	7.909296	3.125000	2.800000	
563.000000	3.097727	0.010000	7.907800	6.250000	2.700000	
564.000000	3.092607	0.010000	7.897562	4.687500	2.700000	
565.000000	3.050571	0.010000	7.909900	1.562500	2.900000	
566.000000	3.021140	0.010000	7.905674	1.562500	2.900000	
567.000000	2.988474	0.010000	7.903108	1.562500	2.700000	
568.000000	3.048452	0.010000	7.920414	1.562500	2.700000	
569.000000	3.202645	0.010000	7.921720	6.250000	2.800000	
570.000000	3.052982	0.010000	7.902364	1.562500	3.000000	
571.000000	3.123047	0.010000	7.896999	7.812500	2.900000	
572.000000	3.042351	0.010000	7.906246	3.125000	2.900000	
573.000000	3.032597	0.010000	7.911455	1.562500	2.800000	
574.000000	3.037050	0.010000	7.871733	4.687500	2.700000	
575.000000	3.100294	0.010000	7.915520	4.687500	2.700000	
576.000000	3.040160	0.010000	7.839232	4.687500	2.700000	
577.000000	3.002874	0.010000	7.835871	1.562500	2.700000	
578.000000	3.024638	0.010000	7.842847	4.687500	2.700000	
579.000000	2.992383	0.010000	7.857348	1.562500	2.700000	
580.000000	3.038024	0.010000	7.855099	3.125000	2.600000	
581.000000	3.052636	0.010000	7.780022	1.562500	2.700000	
582.000000	2.998955	0.010000	7.725168	1.562500	2.700000	
583.000000	3.065892	0.010000	7.780235	4.687500	2.700000	
584.000000	3.118423	0.010000	7.764380	4.687500	2.800000	
585.000000	2.963138	0.010000	7.763610	0.000000	2.700000	
586.000000	3.103067	0.010000	7.733728	1.562500	2.700000	
587.000000	3.172606	0.010000	7.785284	7.812500	2.600000	
588.000000	3.018894	0.010000	7.747936	3.125000	2.400000	
589.000000	3.056410	0.010000	7.843644	3.125000	2.400000	
590.000000	3.077863	0.010000	7.798639	1.562500	2.400000	
591.000000	2.971313	0.010000	8.277522	0.000000	2.400000	
592.000000	3.039229	0.010000	8.064550	3.125000	2.500000	
593.000000	3.048763	0.010000	7.895366	3.125000	2.700000	
594.000000	2.984574	0.010000	7.800193	0.000000	2.600000	
595.000000	3.005135	0.010000	7.865618	1.562500	2.700000	
596.000000	3.011794	0.010000	7.782506	1.562500	2.700000	
597.000000	3.012112	0.010000	7.806972	3.125000	2.700000	
598.000000	3.292172	0.010000	7.749701	10.937500	2.700000	
599.000000	3.195956	0.010000	7.826760	6.250000	2.600000	
600.000000	3.171082	0.010000	7.764752	12.500000	2.700000	
601.000000	3.003895	0.010000	7.806487	0.000000	2.700000	
602.000000	3.002472	0.010000	7.773469	3.125000	2.700000	
603.000000	3.072251	0.010000	7.799535	4.687500	2.700000	
604.000000	3.273398	0.010000	7.788115	7.812500	3.100000	
605.000000	3.044250	0.010000	7.795723	1.562500	2.900000	
606.000000	3.090087	0.010000	7.752597	4.687500	2.700000	
607.000000	3.123192	0.010000	7.800503	4.687500	2.700000	
608.000000	3.037454	0.010000	7.775129	4.687500	2.600000	
609.000000	3.075165	0.010000	7.803511	3.125000	2.600000	
610.000000	2.979069	0.010000	7.783736	0.000000	2.600000	
611.000000	3.241896	0.010000	7.891386	4.687500	2.400000	
612.000000	3.108044	0.010000	7.780111	3.125000	2.400000	
613.000000	3.007325	0.010000	7.825148	1.562500	2.400000	
614.000000	2.981101	0.010000	7.780569	1.562500	2.300000	
615.000000	3.079356	0.010000	7.907794	1.562500	2.200000	
616.000000	2.999953	0.010000	7.779883	1.562500	2.200000	
617.000000	2.989871	0.010000	7.816012	1.562500	2.100000	
618.000000	2.997682	0.010000	7.763752	1.562500	2.000000	
619.000000	3.087065	0.010000	7.789889	9.375000	2.100000	
620.000000	3.022758	0.010000	7.754217	3.125000	2.100000	
621.000000	3.065897	0.010000	7.771946	1.562500	2.100000	
622.000000	2.995589	0.010000	7.775988	1.562500	2.000000	
623.000000	2.994305	0.010000	7.813666	3.125000	2.100000	
624.000000	3.071512	0.010000	7.764387	3.125000	2.100000	
625.000000	3.068001	0.010000	7.795014	4.687500	2.100000	
626.000000	2.962703	0.010000	7.767852	0.000000	2.200000	
627.000000	2.968565	0.010000	7.821730	0.000000	2.300000	
628.000000	3.009551	0.010000	7.753392	3.125000	2.400000	
629.000000	3.191735	0.010000	7.802040	7.812500	2.300000	
630.000000	3.095288	0.010000	7.758719	4.687500	2.100000	
631.000000	3.217386	0.010000	7.798081	7.812500	2.200000	
632.000000	3.157013	0.010000	7.750837	4.687500	2.300000	
633.000000	3.058638	0.010000	7.784012	1.562500	2.200000	
634.000000	3.106372	0.010000	7.741928	3.125000	2.100000	
635.000000	2.961906	0.010000	7.776994	0.000000	2.200000	
636.000000	3.035398	0.010000	7.755668	4.687500	2.400000	
637.000000	3.101050	0.010000	7.784562	3.125000	2.300000	
638.000000	3.013620	0.010000	7.783833	4.687500	2.500000	
639.000000	3.032594	0.010000	7.801854	4.687500	2.500000	
640.000000	3.067126	0.010000	7.785623	1.562500	2.400000	
641.000000	3.044278	0.010000	7.812301	4.687500	2.500000	
642.000000	3.088150	0.010000	7.752160	6.250000	2.500000	
643.000000	3.088666	0.010000	7.801921	6.250000	2.500000	
644.000000	3.022704	0.010000	7.748394	3.125000	2.400000	
645.000000	3.034571	0.010000	7.777605	3.125000	2.400000	
646.000000	3.054447	0.010000	7.762496	3.125000	2.400000	
647.000000	3.109922	0.010000	7.779076	7.812500	2.400000	
648.000000	3.058527	0.010000	7.749880	4.687500	2.400000	
649.000000	3.070767	0.010000	7.813276	3.125000	2.400000	
650.000000	3.038573	0.010000	7.763308	4.687500	2.400000	
651.000000	3.097200	0.010000	7.818451	4.687500	2.300000	
652.000000	3.007562	0.010000	7.768986	1.562500	2.400000	
653.000000	3.085275	0.010000	7.789972	3.125000	2.300000	
654.000000	2.973143	0.010000	7.747471	0.000000	2.300000	
655.000000	3.089924	0.010000	7.782453	4.687500	2.300000	
656.000000	3.149920	0.010000	7.747630	10.937500	2.200000	
657.000000	3.046117	0.010000	7.819495	3.125000	2.200000	
658.000000	3.005407	0.010000	7.762573	1.562500	2.400000	
659.000000	3.062870	0.010000	7.778852	3.125000	2.400000	
660.000000	2.986233	0.010000	7.766539	1.562500	2.600000	
661.000000	2.987485	0.010000	7.792982	3.125000	2.500000	
662.000000	2.980336	0.010000	7.815260	1.562500	2.500000	
663.000000	3.119853	0.010000	7.787887	6.250000	2.500000	
664.000000	2.985306	0.010000	7.758353	0.000000	2.400000	
665.000000	2.978857	0.010000	7.805856	1.562500	2.400000	
666.000000	3.072170	0.010000	7.779395	3.125000	2.400000	
667.000000	2.956492	0.010000	7.809653	0.000000	2.300000	
668.000000	3.044760	0.010000	7.820923	4.687500	2.200000	
669.000000	2.977143	0.010000	7.823315	1.562500	2.300000	
670.000000	3.018215	0.010000	7.780320	4.687500	2.300000	
671.000000	3.042383	0.010000	7.797661	3.125000	2.200000	
672.000000	2.952421	0.010000	7.756825	0.000000	2.300000	
673.000000	3.075119	0.010000	7.778944	4.687500	2.200000	
674.000000	2.985734	0.010000	7.762946	1.562500	2.600000	
675.000000	3.093340	0.010000	7.780372	1.562500	2.800000	
676.000000	2.941967	0.010000	7.797252	0.000000	3.100000	
677.000000	3.097452	0.010000	7.806824	9.375000	2.900000	
678.000000	3.063951	0.010000	7.776659	3.125000	2.500000	
679.000000	3.076505	0.010000	7.780143	3.125000	2.100000	
680.000000	3.037382	0.010000	7.752954	1.562500	1.900000	
681.000000	3.028799	0.010000	7.786453	3.125000	1.700000	
682.000000	2.974263	0.010000	7.823644	1.562500	1.900000	
683.000000	3.014336	0.010000	7.815848	1.562500	2.100000	
684.000000	2.939427	0.010000	7.785173	0.000000	2.100000	
685.000000	3.122471	0.010000	7.804379	10.937500	2.100000	
686.000000	3.022162	0.010000	7.784838	3.125000	2.300000	
687.000000	3.074920	0.010000	7.798553	4.687500	2.100000	
688.000000	2.992173	0.010000	7.773236	3.125000	2.100000	
689.000000	3.085318	0.010000	7.810719	6.250000	1.700000	
690.000000	2.996372	0.010000	7.768085	4.687500	1.700000	
691.000000	2.951332	0.010000	7.818402	1.562500	1.900000	
692.000000	2.975523	0.010000	7.770166	3.125000	2.100000	
693.000000	2.964678	0.010000	7.824966	1.562500	2.200000	
694.000000	3.071215	0.010000	7.774995	6.250000	2.500000	
695.000000	3.108508	0.010000	7.885942	6.250000	2.700000	
696.000000	3.045028	0.010000	7.748502	3.125000	2.600000	
697.000000	3.054766	0.010000	7.800575	3.125000	2.600000	
698.000000	2.962056	0.010000	7.752987	0.000000	2.400000	
699.000000	3.029620	0.010000	7.790287	3.125000	2.400000	
700.000000	2.997550	0.010000	7.767215	3.125000	2.400000	
701.000000	3.186339	0.010000	7.797586	9.375000	2.400000	
702.000000	3.009367	0.010000	7.822192	3.125000	2.300000	
703.000000	3.034689	0.010000	7.864624	3.125000	2.300000	
704.000000	3.069844	0.010000	7.794986	4.687500	2.300000	
705.000000	3.015389	0.010000	7.801202	3.125000	2.200000	
706.000000	2.980619	0.010000	7.778296	1.562500	2.100000	
707.000000	3.111158	0.010000	7.833145	4.687500	2.200000	
708.000000	3.259658	0.010000	7.784474	12.500000	2.200000	
709.000000	3.351377	0.010000	7.805853	12.500000	1.900000	
710.000000	2.969947	0.010000	7.764288	1.562500	1.900000	
711.000000	2.947710	0.010000	7.799673	0.000000	1.800000	
712.000000	3.003435	0.010000	7.765061	3.125000	2.100000	
713.000000	3.012639	0.010000	7.794835	4.687500	2.300000	
714.000000	3.049713	0.010000	7.785401	4.687500	2.200000	
715.000000	3.055515	0.010000	7.813993	4.687500	2.300000	
716.000000	3.017234	0.010000	7.783938	1.562500	2.400000	
717.000000	3.044254	0.010000	7.782253	6.250000	2.700000	
718.000000	3.083483	0.010000	7.770479	4.687500	2.700000	
719.000000	3.160085	0.010000	7.794419	7.812500	2.400000	
720.000000	2.967943	0.010000	7.758464	1.562500	2.700000	
721.000000	2.994152	0.010000	7.795983	1.562500	2.600000	
722.000000	3.244319	0.010000	7.781179	12.500000	2.400000	
723.000000	3.042930	0.010000	7.796573	6.250000	2.300000	
724.000000	3.110034	0.010000	7.756501	6.250000	2.500000	
725.000000	3.112706	0.010000	7.885551	7.812500	2.400000	
726.000000	3.069823	0.010000	7.749702	1.562500	2.400000	
727.000000	2.979227	0.010000	7.846285	3.125000	2.500000	
728.000000	3.131532	0.010000	7.772716	4.687500	2.500000	
729.000000	3.044357	0.010000	7.825369	6.250000	2.500000	
730.000000	3.066153	0.010000	7.810933	3.125000	2.300000	
731.000000	2.960856	0.010000	7.804362	1.562500	2.300000	
732.000000	3.022154	0.010000	7.769100	4.687500	2.300000	
733.000000	3.062089	0.010000	7.801242	4.687500	2.300000	
734.000000	2.960446	0.010000	7.762659	0.000000	2.300000	
735.000000	3.029283	0.010000	7.802285	3.125000	2.300000	
736.000000	2.925522	0.010000	7.782897	0.000000	2.300000	
737.000000	2.925950	0.010000	7.802619	0.000000	2.300000	
738.000000	3.029556	0.010000	7.777685	4.687500	2.100000	
739.000000	2.954592	0.010000	7.805904	0.000000	2.200000	
740.000000	3.111840	0.010000	7.768652	4.687500	2.300000	
741.000000	2.952367	0.010000	7.810785	1.562500	2.200000	
742.000000	3.070510	0.010000	7.755815	4.687500	2.300000	
743.000000	2.965847	0.010000	7.791335	3.125000	2.400000	
744.000000	2.926812	0.010000	7.756987	0.000000	2.500000	
745.000000	2.982596	0.010000	7.786759	3.125000	2.500000	
746.000000	2.973683	0.010000	7.754951	3.125000	2.400000	
747.000000	2.986252	0.010000	7.729046	3.125000	2.400000	
748.000000	3.172612	0.010000	7.754242	12.500000	2.200000	
749.000000	3.151892	0.010000	7.744797	7.812500	2.400000	
750.000000	3.171865	0.010000	7.734332	7.812500	2.400000	
751.000000	3.071748	0.010000	7.744235	7.812500	2.500000	
752.000000	2.984235	0.010000	7.740376	1.562500	2.400000	
753.000000	3.040398	0.010000	7.779600	6.250000	2.500000	
754.000000	2.988086	0.010000	7.760098	6.250000	2.300000	
755.000000	2.913034	0.010000	7.753897	0.000000	2.300000	
756.000000	2.971295	0.010000	7.730538	3.125000	2.300000	
757.000000	3.095956	0.010000	7.760354	4.687500	2.400000	
758.000000	3.113962	0.010000	7.773528	6.250000	2.300000	
759.000000	3.053565	0.010000	7.779786	3.125000	2.200000	
760.000000	2.991426	0.010000	7.754468	3.125000	2.300000	
761.000000	2.949080	0.010000	7.750499	3.125000	2.300000	
762.000000	3.000752	0.010000	7.757736	4.687500	2.600000	
763.000000	3.201604	0.010000	7.764462	7.812500	2.600000	
764.000000	3.088961	0.010000	7.741347	7.812500	2.300000	
765.000000	2.973141	0.010000	7.786067	4.687500	2.400000	
766.000000	2.958299	0.010000	7.742934	1.562500	2.100000	
767.000000	2.938722	0.010000	7.762309	1.562500	2.100000	
768.000000	3.072542	0.010000	7.798860	3.125000	2.200000	
769.000000	3.019437	0.010000	7.788143	4.687500	2.500000	
770.000000	3.021020	0.010000	7.763312	4.687500	2.700000	
771.000000	3.087775	0.010000	7.734037	6.250000	3.000000	
772.000000	3.185914	0.010000	7.729682	14.062500	3.200000	
773.000000	3.080481	0.010000	7.733392	4.687500	2.900000	
774.000000	2.986706	0.010000	7.737190	1.562500	2.600000	
775.000000	3.002271	0.010000	7.768431	4.687500	2.700000	
776.000000	3.021243	0.010000	7.780357	6.250000	2.800000	
777.000000	2.966896	0.010000	7.838935	0.000000	2.600000	
778.000000	3.011911	0.010000	7.747312	3.125000	2.400000	
779.000000	2.976053	0.010000	7.738086	3.125000	2.400000	
780.000000	2.975329	0.010000	7.747057	1.562500	2.700000	
781.000000	2.959979	0.010000	7.739032	4.687500	3.100000	
782.000000	3.022763	0.010000	7.723300	6.250000	3.600000	
783.000000	3.052483	0.010000	7.763181	6.250000	3.900000	
784.000000	3.010053	0.010000	7.742610	3.125000	3.600000	
785.000000	3.386270	0.010000	7.730569	7.812500	2.700000	
786.000000	2.937794	0.010000	7.760843	0.000000	2.200000	
787.000000	2.908298	0.010000	7.756559	0.000000	2.000000	
788.000000	2.961525	0.010000	7.764363	1.562500	1.900000	
789.000000	3.006917	0.010000	7.726961	6.250000	2.200000	
790.000000	2.974297	0.010000	7.741053	1.562500	2.400000	
791.000000	2.913413	0.010000	7.762691	0.000000	2.500000	
792.000000	2.964678	0.010000	7.801060	3.125000	2.600000	
793.000000	2.941502	0.010000	7.836345	1.562500	2.700000	
794.000000	2.934689	0.010000	7.767720	1.562500	2.700000	
795.000000	2.955127	0.010000	7.775814	3.125000	2.700000	
796.000000	3.210481	0.010000	7.862949	9.375000	2.600000	
797.000000	2.970220	0.010000	7.846811	3.125000	2.600000	
798.000000	2.989819	0.010000	7.742572	1.562500	2.500000	
799.000000	3.031627	0.010000	7.769388	3.125000	2.400000	
800.000000	3.074964	0.010000	7.838355	6.250000	2.300000	
801.000000	3.003526	0.010000	7.749891	4.687500	2.200000	
802.000000	2.918114	0.010000	7.747279	0.000000	2.000000	
803.000000	3.035183	0.010000	7.763922	6.250000	2.100000	
804.000000	2.960130	0.010000	7.720932	3.125000	2.100000	
805.000000	2.994854	0.010000	7.718514	3.125000	2.000000	
806.000000	2.938100	0.010000	7.727845	1.562500	2.100000	
807.000000	3.019509	0.010000	7.733480	6.250000	2.100000	
808.000000	3.000831	0.010000	7.757719	1.562500	2.200000	
809.000000	3.017793	0.010000	7.747027	3.125000	2.200000	
810.000000	3.074904	0.010000	7.770543	6.250000	2.200000	
811.000000	3.254497	0.010000	7.748434	6.250000	2.200000	
812.000000	3.100477	0.010000	7.729816	6.250000	1.900000	
813.000000	2.982070	0.010000	7.733566	1.562500	1.900000	
814.000000	3.035045	0.010000	7.749157	4.687500	2.000000	
815.000000	3.160055	0.010000	7.742151	1.562500	2.000000	
816.000000	2.931857	0.010000	7.773790	1.562500	2.000000	
817.000000	2.907073	0.010000	7.746481	0.000000	2.000000	
818.000000	2.927085	0.010000	7.817826	1.562500	2.000000	
819.000000	2.971617	0.010000	7.861473	4.687500	2.000000	
820.000000	2.931530	0.010000	7.758546	3.125000	2.000000	
821.000000	2.985944	0.010000	7.742238	3.125000	1.900000	
822.000000	3.057079	0.010000	7.757858	1.562500	2.000000	
823.000000	3.031298	0.010000	7.746911	6.250000	2.000000	
824.000000	2.999077	0.010000	7.735648	1.562500	2.100000	
825.000000	2.943603	0.010000	7.752872	0.000000	2.100000	
826.000000	3.091815	0.010000	7.894835	9.375000	2.100000	
827.000000	2.931984	0.010000	7.822723	1.562500	2.000000	
828.000000	3.016530	0.010000	7.758208	6.250000	1.800000	
829.000000	3.036338	0.010000	7.742231	4.687500	1.800000	
830.000000	2.900694	0.010000	7.761176	0.000000	2.100000	
831.000000	3.010491	0.010000	7.840719	3.125000	2.400000	
832.000000	3.048500	0.010000	7.764179	4.687500	2.600000	
833.000000	2.921603	0.010000	7.749377	1.562500	2.500000	
834.000000	2.909622	0.010000	7.747228	0.000000	2.500000	
835.000000	2.944328	0.010000	7.709952	3.125000	2.500000	
836.000000	3.064843	0.010000	7.732058	6.250000	2.300000	
837.000000	2.957999	0.010000	7.738193	4.687500	1.900000	
838.000000	2.932044	0.010000	7.745798	1.562500	1.900000	
839.000000	2.909244	0.010000	7.745305	0.000000	1.900000	
840.000000	2.918113	0.010000	7.745327	0.000000	2.000000	
841.000000	3.139676	0.010000	7.750041	9.375000	2.000000	
842.000000	3.011032	0.010000	7.766523	4.687500	1.900000	
843.000000	2.926768	0.010000	7.766817	1.562500	2.200000	
844.000000	2.924976	0.010000	7.732923	1.562500	2.100000	
845.000000	2.893018	0.010000	7.736212	0.000000	2.500000	
846.000000	2.950503	0.010000	7.722033	3.125000	2.800000	
847.000000	2.954501	0.010000	7.728030	3.125000	3.100000	
848.000000	3.070478	0.010000	7.726008	6.250000	3.100000	
849.000000	3.017490	0.010000	8.061736	3.125000	3.000000	
850.000000	3.059824	0.010000	7.766159	4.687500	2.800000	
851.000000	2.964857	0.010000	7.758387	3.125000	2.400000	
852.000000	2.907386	0.010000	7.733140	1.562500	2.300000	
853.000000	2.916986	0.010000	7.747866	1.562500	2.400000	
854.000000	2.880574	0.010000	7.745160	0.000000	2.400000	
855.000000	3.060972	0.010000	7.760266	4.687500	2.500000	
856.000000	3.065550	0.010000	7.742369	4.687500	2.300000	
857.000000	2.945019	0.010000	7.743034	1.562500	2.500000	
858.000000	2.897218	0.010000	7.757140	0.000000	2.600000	
859.000000	2.946374	0.010000	7.741712	3.125000	2.700000	
860.000000	2.928720	0.010000	7.758304	1.562500	2.700000	
861.000000	2.897430	0.010000	7.776098	0.000000	2.800000	
862.000000	2.986949	0.010000	7.760942	4.687500	2.800000	
863.000000	2.980866	0.010000	7.736787	1.562500	2.900000	
864.000000	2.945313	0.010000	7.770409	3.125000	2.900000	
865.000000	2.966379	0.010000	7.769604	4.687500	2.700000	
866.000000	2.984924	0.010000	7.786153	6.250000	2.400000	
867.000000	2.938238	0.010000	7.717093	1.562500	2.200000	
868.000000	2.994214	0.010000	7.724322	3.125000	2.100000	
869.000000	2.937492	0.010000	7.748889	3.125000	2.200000	
870.000000	2.911367	0.010000	7.732569	1.562500	2.200000	
871.000000	2.942022	0.010000	7.755886	3.125000	2.300000	
872.000000	2.941629	0.010000	7.751027	4.687500	2.400000	
873.000000	2.895004	0.010000	7.758347	1.562500	2.300000	
874.000000	2.911497	0.010000	7.847475	1.562500	2.300000	
875.000000	2.946356	0.010000	7.791793	3.125000	2.300000	
876.000000	2.933562	0.010000	7.772741	3.125000	2.300000	
877.000000	2.880244	0.010000	7.768611	0.000000	2.400000	
878.000000	2.930359	0.010000	7.775513	3.125000	2.400000	
879.000000	2.981026	0.010000	7.770671	1.562500	2.400000	
880.000000	2.914610	0.010000	7.759570	1.562500	2.400000	
881.000000	2.908772	0.010000	7.749600	1.562500	2.300000	
882.000000	3.047364	0.010000	7.731866	4.687500	2.400000	
883.000000	3.013510	0.010000	7.736032	6.250000	2.500000	
884.000000	2.935161	0.010000	7.753502	3.125000	2.600000	
885.000000	3.051273	0.010000	7.758066	6.250000	2.800000	
886.000000	3.137641	0.010000	7.739742	10.937500	2.800000	
887.000000	2.871306	0.010000	7.737255	0.000000	2.600000	
888.000000	2.927717	0.010000	7.734053	3.125000	2.500000	
889.000000	2.904016	0.010000	7.736574	1.562500	2.500000	
890.000000	2.953989	0.010000	7.745241	3.125000	2.400000	
891.000000	2.960384	0.010000	7.747595	3.125000	2.500000	
892.000000	2.899929	0.010000	7.752149	0.000000	2.400000	
893.000000	2.868384	0.010000	7.743814	0.000000	2.400000	
894.000000	2.895925	0.010000	7.737516	1.562500	2.400000	
895.000000	2.868321	0.010000	7.743227	0.000000	2.500000	
896.000000	2.900097	0.010000	7.755818	1.562500	2.500000	
897.000000	2.927167	0.010000	7.736259	3.125000	2.400000	
898.000000	2.864759	0.010000	7.727759	0.000000	2.400000	
899.000000	2.911461	0.010000	7.766941	1.562500	2.300000	
900.000000	2.890560	0.010000	7.775533	1.562500	2.300000	
901.000000	2.861272	0.010000	7.743500	0.000000	2.300000	
902.000000	2.866901	0.010000	7.714120	0.000000	2.300000	
903.000000	2.906621	0.010000	7.746412	1.562500	2.400000	
904.000000	2.863982	0.010000	7.756152	0.000000	2.400000	
905.000000	2.870280	0.010000	7.760799	0.000000	2.400000	
906.000000	2.859710	0.010000	7.746145	0.000000	2.500000	
907.000000	2.867363	0.010000	7.764191	0.000000	2.600000	
908.000000	2.869634	0.010000	7.764209	0.000000	2.600000	
909.000000	2.860861	0.010000	7.855627	0.000000	2.600000	
910.000000	2.932496	0.010000	7.731078	3.125000	2.600000	
911.000000	2.902082	0.010000	7.735357	1.562500	2.600000	
912.000000	3.050237	0.010000	7.741662	9.375000	2.500000	
913.000000	2.872514	0.010000	7.759019	0.000000	2.400000	
914.000000	2.857408	0.010000	7.733251	0.000000	2.400000	
915.000000	2.856707	0.010000	7.747947	0.000000	2.400000	
916.000000	2.969260	0.010000	7.743946	3.125000	2.200000	
917.000000	3.614300	0.010000	7.721458	12.500000	2.300000	
918.000000	2.889890	0.010000	7.721513	1.562500	2.100000	
919.000000	2.862915	0.010000	7.722092	0.000000	2.200000	
920.000000	3.214605	0.010000	7.722924	3.125000	2.300000	
921.000000	3.154696	0.009500	7.734621	4.687500	2.200000	
922.000000	3.009863	0.009500	7.739005	6.250000	2.200000	
923.000000	3.006667	0.009500	7.751262	3.125000	2.300000	
924.000000	2.925732	0.009500	7.759164	1.562500	2.300000	
925.000000	2.891647	0.009500	7.756782	1.562500	2.400000	
926.000000	2.936172	0.009500	7.760579	1.562500	2.400000	
927.000000	2.986923	0.009500	7.726090	3.125000	2.500000	
928.000000	2.905724	0.009500	7.777945	1.562500	2.500000	
929.000000	2.885954	0.009500	7.780926	0.000000	2.500000	
930.000000	2.959747	0.009500	7.758324	3.125000	2.500000	
931.000000	2.894294	0.009500	7.738892	1.562500	2.400000	
932.000000	2.889009	0.009500	7.758231	1.562500	2.400000	
933.000000	2.947356	0.009500	7.749116	1.562500	2.400000	
934.000000	2.871248	0.009500	7.737463	0.000000	2.400000	
935.000000	3.031105	0.009500	7.727314	6.250000	2.400000	
936.000000	2.955727	0.009500	7.728034	1.562500	2.400000	
937.000000	2.910762	0.009500	7.744835	3.125000	2.200000	
938.000000	2.956942	0.009500	7.744456	1.562500	2.200000	
939.000000	2.952290	0.009500	7.754911	1.562500	2.200000	
940.000000	2.925828	0.009500	7.760861	3.125000	2.100000	
941.000000	2.902136	0.009500	7.731178	3.125000	2.000000	
942.000000	3.017702	0.009500	7.738708	3.125000	1.900000	
943.000000	2.892474	0.009500	7.733206	1.562500	2.000000	
944.000000	2.876251	0.009500	7.752226	1.562500	2.000000	
945.000000	2.914321	0.009500	7.742473	1.562500	2.100000	
946.000000	2.976589	0.009500	7.770354	3.125000	2.100000	
947.000000	3.162115	0.009500	7.789038	7.812500	2.100000	
948.000000	2.899136	0.009500	7.764404	3.125000	2.300000	
949.000000	2.964153	0.009500	7.756663	4.687500	2.500000	
950.000000	2.859502	0.009500	7.749603	0.000000	2.500000	
951.000000	2.920375	0.009500	7.739263	3.125000	2.500000	
952.000000	2.929634	0.009500	7.739960	3.125000	2.400000	
953.000000	2.911203	0.009500	7.747968	3.125000	2.300000	
954.000000	2.889099	0.009500	7.772247	1.562500	2.400000	
955.000000	2.862518	0.009500	7.763502	1.562500	2.300000	
956.000000	2.943210	0.009500	7.731931	3.125000	2.300000	
957.000000	2.866937	0.009500	7.726040	0.000000	2.400000	
958.000000	2.883331	0.009500	7.717529	1.562500	2.400000	
959.000000	2.916463	0.009500	7.718421	4.687500	2.400000	
960.000000	2.965235	0.009500	7.728579	3.125000	2.500000	
961.000000	2.918939	0.009500	7.730337	4.687500	2.300000	
962.000000	2.979307	0.009500	7.728203	3.125000	2.200000	
963.000000	2.999681	0.009500	7.733851	4.687500	2.300000	
964.000000	2.919378	0.009500	7.716476	1.562500	2.000000	
965.000000	2.865621	0.009500	7.725910	1.562500	2.000000	
966.000000	2.869735	0.009500	7.707517	1.562500	2.100000	
967.000000	2.878503	0.009500	7.723108	1.562500	2.100000	
968.000000	2.957694	0.009500	7.728188	3.125000	2.000000	
969.000000	2.891157	0.009500	7.739507	1.562500	2.000000	
970.000000	2.933959	0.009500	7.738617	4.687500	2.000000	
971.000000	2.869892	0.009500	7.741432	0.000000	2.100000	
972.000000	2.954318	0.009500	7.725337	6.250000	2.100000	
973.000000	2.966857	0.009500	7.729230	3.125000	2.100000	
974.000000	2.914770	0.009500	7.717892	3.125000	2.200000	
975.000000	3.003469	0.009500	7.715473	3.125000	2.200000	
976.000000	2.852166	0.009500	7.725395	0.000000	2.200000	
977.000000	3.065121	0.009500	7.731333	10.937500	2.200000	
978.000000	2.908661	0.009500	7.761308	3.125000	2.100000	
979.000000	2.912795	0.009500	7.731498	1.562500	2.100000	
980.000000	2.850843	0.009500	7.728816	0.000000	2.300000	
981.000000	2.873461	0.009500	7.746389	1.562500	2.400000	
982.000000	2.930266	0.009500	7.734898	3.125000	2.400000	
983.000000	2.998076	0.009500	7.722286	3.125000	2.500000	
984.000000	2.952084	0.009500	7.725813	3.125000	2.600000	
985.000000	2.910726	0.009500	7.742923	1.562500	2.600000	
986.000000	2.986552	0.009500	7.750793	4.687500	2.500000	
987.000000	2.884731	0.009500	7.754835	1.562500	2.700000	
988.000000	2.954256	0.009500	7.744597	4.687500	2.800000	
989.000000	2.926411	0.009500	7.739524	3.125000	2.900000	
990.000000	2.916670	0.009500	7.719854	4.687500	2.700000	
991.000000	2.905982	0.009500	7.709343	1.562500	2.800000	
992.000000	2.918071	0.009500	7.722871	1.562500	2.800000	
993.000000	2.936207	0.009500	7.754786	4.687500	2.700000	
994.000000	2.893071	0.009500	7.760566	1.562500	2.600000	
995.000000	2.870947	0.009500	7.747915	0.000000	2.600000	
996.000000	2.933633	0.009500	7.719562	3.125000	2.600000	
997.000000	3.024841	0.009500	7.738307	1.562500	2.500000	
998.000000	2.952413	0.009500	7.721576	1.562500	2.500000	
999.000000	2.868786	0.009500	7.721304	0.000000	2.300000	
1000.000000	2.917110	0.009500	7.727826	4.687500	2.300000	
1001.000000	2.927502	0.009500	7.735838	1.562500	2.300000	
1002.000000	2.936105	0.009500	7.768816	3.125000	2.200000	
1003.000000	2.940727	0.009500	7.739954	1.562500	2.100000	
1004.000000	2.872101	0.009500	7.741173	1.562500	2.300000	
1005.000000	2.869599	0.009500	7.743002	1.562500	2.600000	
1006.000000	2.987540	0.009500	7.744143	3.125000	2.500000	
1007.000000	2.847411	0.009500	7.742990	0.000000	2.300000	
1008.000000	2.867817	0.009500	7.757967	0.000000	2.300000	
1009.000000	2.909623	0.009500	7.887682	3.125000	2.400000	
1010.000000	2.938434	0.009500	7.749975	3.125000	2.400000	
1011.000000	2.991299	0.009500	7.751755	6.250000	2.500000	
1012.000000	3.138314	0.009500	7.767307	9.375000	2.500000	
1013.000000	2.952458	0.009500	7.733836	4.687500	2.400000	
1014.000000	2.941399	0.009500	7.725537	1.562500	2.200000	
1015.000000	2.964454	0.009500	7.730238	4.687500	2.500000	
1016.000000	2.890618	0.009500	7.746619	1.562500	2.500000	
1017.000000	2.972766	0.009500	7.742072	6.250000	2.500000	
1018.000000	3.054424	0.009500	7.741136	9.375000	2.300000	
1019.000000	2.941242	0.009500	7.744642	4.687500	2.300000	
